start=112.480000
volume=55.000000
