start=473.999526
volume=40.000000
