start=10556.423000
volume=40.000000
