start=652.860542
volume=70.000000
