start=364.865000
volume=70.000000
fullscreen=yes
