start=1070.194125
volume=45.000000
