start=238.250326
volume=97.849991
