start=1826.098173
pause=yes
volume=110.000000
