start=1492.103000
volume=105.000000
