start=4099.128367
volume=40.000000
