start=6748.849000
volume=5.000000
