start=7.566659
volume=65.000000
