start=11149.016000
volume=30.000000
fullscreen=yes
contrast=-1
