start=2000.997999
volume=65.000000
