start=11051.206807
volume=55.000000
fullscreen=yes
