start=4593.699983
volume=55.000000
