start=1843.798156
volume=65.000000
