start=5833.300000
volume=55.000000
contrast=-1
