start=3177.678000
volume=50.000000
