start=867.074542
volume=75.000000
fullscreen=yes
