start=585.017767
volume=50.000000
