start=7235.366650
volume=55.000000
