start=5070.737000
volume=65.000000
fullscreen=yes
