start=12018.416650
volume=65.000000
fullscreen=yes
