start=925.065741
pause=yes
volume=95.000000
