start=6854.467000
pause=yes
volume=35.000000
contrast=-1
