start=6726.527000
pause=yes
volume=55.000000
contrast=-1
