start=1043.365623
pause=yes
volume=130.000000
