start=8425.416650
volume=40.000000
fullscreen=yes
