start=7263.864000
volume=25.000000
