start=7583.742833
volume=0.000000
