start=7977.336003
volume=55.000000
