start=13006.665983
volume=30.000000
fullscreen=yes
